$ANSIBLE_VAULT;1.1;AES256
39363230323365313035383535636338643132376466373037386164633534366161633535636331
3239303735393731353961636133633739643664313630340a383432613233376230303333373464
38646434366461393861396465643265383936636339313537383534636635333139393662643531
6138303030353961340a643861653837363835363439356561396464336361376231623962656332
39396561306262343434366136353966636632363965376638666432623764616261373939373864
62363962643362636161356663323332653432633063303264336433626562393566373663646438
34336362366633363461366533376639636365313637323431363765366538383164623938353139
63653463383935313661336433653633633236626138616138626331373066646434333363653466
63636539333165303930626130393930323465623438633762353864356430383361383264323561
32663431626666363932636131623536666362386265366433366136343035333139633133653730
39393466656562613835346536346439366536626662393665346264626262336534376166393539
37656637383165616134343930646239356236393662653064653031386535613635316233666436
65363338333835613837333265396332656233383164306237646533396666323431
