$ANSIBLE_VAULT;1.1;AES256
36633861383533353863633165393435363765356236663965386331343634646338643831333238
3738643637633732383762346235343364366539643333330a356332623630623639623635323537
32313638343732363363336330363031303738306539633466656561663033346663636335313362
6365623161373263660a663962626161636662363335643631646535643131396436633130366338
33353264643830323731346363653263323534373463316539373435653964353235656438386238
34323563623532653537353834656462356433336131646632336263306537363564306339653166
62653262363764636163333265616637313637633334353962343732653861303639616639363962
36653666303735636165666437343164396162343063326338653035643833626161356336616663
64626136613364393131633861613234626266396430326532353237613639613636646165626139
32306364666636343334633964366235316532623066636233373363663565363165396333333462
61663235363731313362646263623264353138383163316134386264623530393836613833383536
38333630386237326539653365303864353163653435313335613634396564643464363537613265
61393364333261643765383835323266623561633964393837663736306533653261626335643361
63313264336464666261633963396430653837343036316665663162363665643036366530393838
63376662633032326233396465653536356335386330666336336231646361373836643339386638
35366463643232323561643039316461323166396638646361353238363861616161353763356337
63373039313364346334653432643261616536656137656530323639623466303634376463343464
63653636313765626266323262303365393731613030653036656435626339643036663036376264
35353233376333386666353930313564616431626434313332343539653532326662303866313835
66386337333463383433376537663834323366623661303264653064666664363963333164386639
32353262366537646264326663373837656233636666356137346137323033343531396162303739
38633231383061353733663532646235353761323761353430613665643130633532393236306139
35336365663866653930306362353834333563396536643939353961656564626462303139353731
34373431643538393232623235633434393436316338626236666330313630363535663637373864
35373035366465653530376433623730383038306161643733636230313436316234
